colsample_bytree: 0.7021643007414529
learning_rate: 0.0295128681536568
max_depth: 5
min_child_weight: 2
n_estimators: 688
reg_alpha: 0.022403201176502466
reg_lambda: 6.791313859028141
subsample: 0.5861967923472516
